Who Framed Roger Rabbit DVD Bob Hoskins;2,33 EUR;+ 7,83 EUR de envío;Vendidos  28 sep 2021Artículo vendido;desde Reino Unido;
Who Framed Roger Rabbit? (DVD, 2003);1,17 EUR;+ 24,05 EUR de envío estimado;Vendidos  30 sep 2021Artículo vendido;desde Reino Unido;
Who Framed Roger Rabbit Walt Disney Panini Stickers 1988 #98 Eddie Hacksaw;3,53 EUR;+ 3,53 EUR de envío;Vendidos  29 sep 2021Artículo vendido;desde Reino Unido;
Who Framed Roger Rabbit Mondo 180 Gram Neon Pink with White Splatter Vinyl New;61,19 EUR;+ 27,71 EUR de envío estimado;Vendidos  3 oct 2021Artículo vendido;desde Reino Unido;
Who Framed Roger Rabbit Walt Disney Panini Stickers 1988 #72 Jessica Rabbit;2,58 EUR;+ 3,53 EUR de envío;Vendidos  17 sep 2021Artículo vendido;desde Reino Unido;
Who Framed Roger Rabbit. BLACK COLOURED. Mondo Vinyl LP Soundtrack;31,77 EUR;+ 23,54 EUR de envío;Vendidos  29 nov 2021Artículo vendido;desde Reino Unido;
Panini Who Framed Roger Rabbit 1988 One Unopened Packet ;2,35 EUR;+ 23,10 EUR de envío estimado;Vendidos  29 nov 2021Artículo vendido;desde Reino Unido;
Who Framed Roger Rabbit 4K UHD;15,89 EUR;+ 23,98 EUR de envío estimado;Vendidos  26 nov 2021Artículo vendido;desde Reino Unido;
Topps Who Framed Roger Rabbit 1987 One Unopened Wax Packet ;2,35 EUR;+ 23,34 EUR de envío estimado;Vendidos  12 sep 2021Artículo vendido;desde Reino Unido;
Rare Disney Who Framed Roger Rabbit Figure Benny Taxi Cab Car Toy 1980s;14,11 EUR;+ 12,93 EUR de envío;Vendidos  26 oct 2021Artículo vendido;desde Reino Unido;
Who Framed Roger Rabbit  Steelbook 25th A 1 of 3000 Region Free Mint Condition  ;20,01 EUR;+ 13,53 EUR de envío;Vendidos  9 oct 2021Artículo vendido;desde Reino Unido;
Who Framed Roger Rabbit Walt Disney Panini Stickers 1988 #146 Eddie Squirts ;2,58 EUR;+ 3,53 EUR de envío;Vendidos  19 oct 2021Artículo vendido;desde Reino Unido;
Disney 30th Anniversary Who Framed Roger Rabbit Christmas Decoration;15,57 EUR;+ 23,14 EUR de envío estimado;Vendidos  4 dic 2021Artículo vendido;desde Reino Unido;
E28 Vintage 80s Eraser Rubbers - Rare Vintage  Who Framed Roger Rabbit Eraser;7,06 EUR;+ 6,83 EUR de envío;Vendidos  11 sep 2021Artículo vendido;desde Reino Unido;
Who Framed Roger Rabbit Region Free Blu-ray + DVD Bob Hoskins Christopher Lloyd;7,65 EUR;+ 10,58 EUR de envío;Vendidos  19 sep 2021Artículo vendido;desde Reino Unido;
