Nintendo Game Boy Advance GBA-Monopoly zoo + columns Crown + Chu Chu Rocket;12,90 EUR;+ 9,00 EUR de envío;desde Alemania;
Monopoly Game Boy juego completo con embalaje original y guía;39,99 EUR;+ 30,00 EUR de envío;desde Alemania;
Nintendo Gameboy-Monopoly-Top-Embalaje original-pal alemán;39,90 EUR;Envío no especificado;desde Alemania;
Game Boy Monopoly jeu Nintendo Game Boy Classic Import Japon;5,99 EUR;+ 3,00 EUR de envío;desde Francia;
Monopoly--Nintendo Game Boy--NTSC JAP--C-Ware;7,73 EUR;+ 1,09 EUR de envío;desde Austria;
Monopoly Game Boy Nintendo Japan Import;17,99 EUR;+ 18,50 EUR de envío;desde España;
Game Boy Monopoly Game Boy Color Nintendo Japan Import;25,99 EUR;+ 19,50 EUR de envío;desde España;
Nintendo GameBoy jeu - Monopoly cartouche utilisé;18,99 EUR;Envío internacional gratis;desde Alemania;
Monopoly para Nintendo GameBoy;11,99 EUR;+ 8,50 EUR de envío;desde Alemania;
Nintendo GameBoy gioco - Monopoly cartuccia usato;20,99 EUR;Envío internacional gratis;desde Alemania;
Nintendo GameBoy Advance jeu - EX Monopoly JAPAN cartouche utilisé;36,99 EUR;Envío internacional gratis;desde Alemania;
Notice NIntendo Game Boy  Monopoly EUR Très Bon état;6,90 EUR;+ 11,98 EUR de envío;desde Francia;
Nintendo Game Boy Advance,Monopoly,OVP,CIB;10,90 EUR;Envío no especificado;desde Alemania;
Monopoly para Nintendo GameBoy;8,99 EUR;Envío no especificado;desde Alemania;
